"","1","2","3","4","5","6","7","8","9","10","11","12","13","14","15","16","17","18","19","20","21","22","23","24","25","26","27","28","29","30","31","32","33","34","35","36","37","38","39","40","41","42","43","44","45","46","47","48","49","50","51","52","53","54","55","56","57","58","59","60","61","62","63","64","65","66","67","68","69","70","71","72","73","74","75","76","77","78","79","80","81","82","83","84","85","86","87","88","89","90","91","92","93","95","96","97","98","99","100"
"1",68664,3544,2417,4405,9379,21793,2287,2998,5544,15792,11186,2660,5146,22257,2246,1891,2342,6301,1891,8568,5427,3426,2767,5346,2411,2054,1737,2031,2215,2651,1943,4733,2723,2379,2200,2105,3405,6305,2955,2070,2302,4781,3301,3195,2941,4921,2306,2143,4957,3103,1910,1639,1890,2846,2194,2425,2937,2249,1422,2864,2825,10311,1651,2705,15125,1232,993,2041,22110,2123,2058,1397,1878,1737,2676,2017,5675,2233,4819,2529,2120,1887,1239,1395,7842,3830,3021,4007,1652,5626,1048,2833,2877,2167,2487,4576,1656,3070,3713
"2",3544,232934,3095,4626,2926,2096,2248,4185,4706,1635,5065,2210,3494,1505,3038,2108,2934,2338,4911,3100,4443,3197,3007,1606,2801,1251,3238,2450,3362,1668,4624,4824,10217,6503,4789,2950,1855,1978,2566,2698,3431,8503,2891,2435,3718,1118,7332,3216,2017,2496,10237,2744,15904,2454,7431,4329,2163,83147,2028,2702,1625,1148,1773,3465,7007,3110,1314,2055,1697,1563,1868,1242,1876,1647,1323,6078,3291,2839,4838,2460,2177,1486,2773,3410,2787,1217,5519,7767,2252,8865,1958,2860,2653,4217,61356,7334,85568,1903,3113
"3",2417,3095,158908,2073,2127,1809,3161,12750,2852,1659,2759,1924,2093,1684,9020,10048,2512,1662,2708,2113,2202,1476,1899,1739,2245,1760,2581,2795,2662,1808,1952,20919,1947,1877,2107,1811,1827,1839,2714,2211,3021,5488,2748,1695,9507,1386,3397,1778,1903,1429,2743,2666,3194,1466,5350,3640,1412,1828,1349,3942,1668,1742,1220,9824,2940,1278,10549,1292,1399,3643,1266,930,1982,1573,1220,2149,1821,99744,2422,2050,4676,1019,1753,1900,1718,1434,4029,5138,1521,4740,1758,3166,1261,3327,2111,4571,2195,2525,2211
"4",4405,4626,2073,158830,6304,5163,1318,2759,1958,5307,6691,1313,4978,4750,2700,2439,1767,2948,3519,3152,1685,1741,1739,3378,1937,1670,2019,1347,1990,1574,2718,3771,4674,3530,3036,2184,7331,3393,2027,2065,2211,2967,1701,28583,3368,3027,3463,2205,4288,1465,3202,1848,6466,1629,2514,2004,1594,4274,2108,1553,5037,3639,1597,3372,4187,2740,1467,1547,4721,5435,1766,1425,1487,1373,4755,2304,5220,1912,2044,1459,2995,1458,1745,1804,2916,2815,2550,2754,2170,7789,1423,6213,1625,3832,4465,3511,4997,9494,1696
"5",9379,2926,2127,6304,188708,13867,1590,2662,3000,19783,8130,1656,5932,8696,2591,2594,2124,7738,1722,8449,2908,3406,2250,6874,2421,1918,2300,1352,2339,1962,2189,4857,3064,2786,2102,2238,4650,7433,3731,2651,2484,3355,2925,5427,3364,5147,2472,2512,9206,2155,1875,3908,2003,2492,2134,1997,2150,2655,1737,1968,4357,5977,2040,3212,14425,3066,1183,2172,10191,2837,2302,1989,1966,1628,4394,2027,6228,2241,4283,1720,2392,2287,1620,1582,8397,4874,2606,3023,2056,6674,1401,4742,3159,2470,3646,3935,1996,3625,2604
"6",21793,2096,1809,5163,13867,167422,1174,2251,2189,27102,7471,1381,5039,18642,2091,1585,1537,7864,1005,7579,2305,2199,1402,5573,1861,1222,1341,853,1765,1390,1383,3911,2065,1810,1294,1381,4676,6536,2576,1719,1591,2152,1968,3266,3646,4756,1720,1746,5924,1539,1228,1217,1170,1669,1037,1878,1803,2142,1018,1044,3073,6315,1117,3216,12457,1074,790,1348,11068,1672,1483,1143,1140,1336,3336,1265,4839,2230,2895,1113,1729,1263,1145,1032,7839,3938,1853,1792,1092,4737,848,3496,2027,1552,2018,3126,1420,2525,2047
"7",2287,2248,3161,1318,1590,1174,242363,2294,6441,992,3410,4555,1429,938,1575,1498,73296,1079,1427,1579,5238,2600,2801,845,26437,2747,15033,5145,15196,3856,1551,3218,1249,1464,1664,1622,1162,1178,2844,2712,3645,7454,3080,973,1829,574,1376,6010,1316,3557,1994,8191,1493,3372,2282,5259,4544,1393,1353,2814,939,596,2230,1927,3357,854,1035,2256,1023,1329,1787,1579,1811,2638,735,1621,1450,2513,4829,3872,1045,2700,17381,3627,1587,620,5234,7229,1930,2957,8118,2120,2731,1351,1697,3300,971,1163,6612
"8",2998,4185,12750,2759,2662,2251,2294,235492,2947,1928,3261,1788,2806,1988,62777,8541,2629,1998,3026,2502,2606,1801,2189,2019,2447,1610,2826,2089,2958,1740,2488,21059,2933,2504,2344,1811,2091,2092,2961,2851,3711,7271,2870,2069,85368,1678,5505,2249,2002,1590,3521,3019,4690,1841,9929,4069,1522,2498,1597,3940,1975,1762,1342,75352,4016,1492,5546,1408,1803,5921,1425,1068,2138,1571,1512,2550,2490,10988,2892,1978,12538,1108,1708,2209,1942,1628,4951,6514,1827,6851,1935,3818,1564,6356,2599,6787,2593,3673,2463
"9",5544,4706,2852,1958,3000,2189,6441,2947,343401,1381,2907,102953,4097,1342,1857,1586,10137,2851,3101,4797,109559,7821,11312,1750,8076,23399,5316,84951,8055,41243,3426,5224,3819,2771,3785,4320,1650,2407,4660,6563,8197,11485,6448,1627,2438,845,2523,3788,2505,28256,2702,4278,2787,16298,3223,6699,22554,1982,7253,8225,1633,895,8629,2201,12631,1481,702,11683,1695,1320,6245,3989,6303,17616,1342,3275,4362,2509,13666,30736,1646,5641,3344,1861,4027,996,6674,11718,7610,6020,4301,2041,7647,2190,2362,5315,1384,1694,33491
"10",15792,1635,1659,5307,19783,27102,992,1928,1381,192000,9753,1044,3084,49362,2111,1923,1371,3675,1185,4464,1128,984,960,4720,1398,936,1246,970,1383,886,1190,2282,1489,1263,1207,1050,3590,4406,1338,1258,1308,1980,1204,3535,2463,5352,1287,1460,4057,1013,1278,1431,1243,939,1511,1582,1010,1417,823,1347,3279,8417,883,2423,5300,989,1216,930,9264,2419,942,809,973,884,2944,1036,3402,1648,1202,930,1947,855,1118,958,3738,4356,1790,1836,954,2981,980,3504,895,1690,1766,2197,1460,2885,1153
"11",11186,5065,2759,6691,8130,7471,3410,3261,2907,9753,276902,2121,4781,12860,2990,2830,2931,4277,4457,6538,2135,1575,2237,7183,2760,2060,2953,2285,3149,2107,2689,3510,3535,3103,3966,2654,9003,6378,2325,2244,2643,4632,2134,5138,3237,6195,3427,2891,18082,1774,3205,2570,4831,1626,4295,2861,2080,3128,2945,2790,5495,8070,1620,3348,5944,2678,1417,1650,7566,3790,1739,1332,2038,1659,3938,2745,5455,2493,2074,2128,3221,1447,2352,2205,4872,6667,3603,4411,2640,5921,1963,5292,1554,3810,3429,3689,3913,5604,2300
"12",2660,2210,1924,1313,1656,1381,4555,1788,102953,1044,2121,264353,1825,1053,1406,1036,8021,1563,1582,2172,71649,3799,5505,1107,6175,33680,3934,64787,7126,77309,1739,2154,2354,1269,1865,2002,977,1511,3529,3952,4999,5791,4129,965,1778,966,1164,2807,1729,25075,1577,2580,1271,12671,1617,5315,20665,1210,4906,5172,999,762,5843,1521,4023,1257,541,8361,1064,963,3603,2940,4324,12217,928,1388,1568,2062,6164,20108,911,3724,2652,1111,2123,889,4080,6459,4251,2207,3562,1238,3816,996,1303,2382,904,998,24419
"13",5146,3494,2093,4978,5932,5039,1429,2806,4097,3084,4781,1825,256971,2427,2141,1813,1790,8710,1559,8159,4319,4951,2699,4413,1818,1329,1889,1283,2229,1532,2762,6261,5466,2758,2232,2770,5768,5248,3942,2978,2489,4334,3666,3984,3777,2294,2679,2190,10882,2239,2015,1891,2254,2362,1947,2047,2106,2874,1508,1831,99616,1937,1693,3186,17283,1209,680,2079,3832,1430,2090,1749,1714,1929,111867,2453,22088,2267,5784,1807,2080,1846,1326,1651,8753,2668,2702,3756,2087,7865,1076,3747,3396,2436,2535,4342,1548,3203,3912
"14",22257,1505,1684,4750,8696,18642,938,1988,1342,49362,12860,1053,2427,192105,2140,1989,1092,3152,1135,3942,1020,845,954,4370,1049,737,1141,1063,1323,768,1062,1946,1090,965,1109,927,3268,3594,1205,1124,1256,1988,1161,3317,2137,5082,1247,1093,3577,850,1280,1343,1206,739,1655,1596,824,1163,781,1414,3081,9935,779,2192,3959,837,1192,818,8589,3053,755,735,915,833,2364,981,2861,1587,1099,892,1951,661,893,927,3184,4105,1749,1859,809,2722,971,3485,745,1585,1303,1874,1271,2985,1031
"15",2246,3038,9020,2700,2591,2091,1575,62777,1857,2111,2990,1406,2141,2140,266413,7571,2025,1435,2849,1796,1471,1217,1495,1938,1912,1076,2388,1571,2650,1100,2103,15645,2452,2230,1897,1650,2454,1808,2051,2241,2563,4537,1704,2308,35475,1588,4227,2108,2442,1058,2871,2676,3972,1205,7794,3123,1095,2084,1589,2434,2327,1891,1231,66304,2009,1573,4228,1250,1929,6227,1106,1083,1632,1138,1644,1939,2099,8593,1654,1463,10872,923,1607,1964,1474,1702,3778,4275,1799,5077,2055,4621,1129,5302,2258,4905,2457,3860,1509
"16",1891,2108,10048,2439,2594,1585,1498,8541,1586,1923,2830,1036,1813,1989,7571,279715,1599,1253,1560,1401,1236,1090,1238,1687,1558,889,2293,1317,2222,859,1506,26305,1410,1347,1427,1238,2024,1281,2309,1738,1935,2747,1643,2886,7630,1630,2143,1687,3705,894,1816,2267,2337,944,2699,2003,882,1504,1126,2027,2675,1912,1184,8632,1790,1002,20466,1146,1711,10938,943,920,1291,936,1568,1404,1753,10132,1409,1069,3767,839,1370,1439,1161,1425,2436,2615,1272,4121,1683,5819,939,2297,2040,2943,1739,4210,1210
"17",2342,2934,2512,1767,2124,1537,73296,2629,10137,1371,2931,8021,1790,1092,2025,1599,298637,1197,2376,1621,6485,4161,4242,1192,73106,5915,13599,7467,21820,7762,2615,2945,1836,2592,3091,2995,1461,1397,3378,4001,5172,11033,4019,1342,2761,706,2208,9417,1962,6036,3089,11558,2196,5380,2974,7512,6052,2140,2619,4311,1473,709,4312,2657,2914,1752,752,3951,1306,1307,3455,2974,3366,4301,1108,2608,1723,2701,6262,6881,1515,3905,15371,2491,1508,821,8249,10974,3660,3980,10583,2596,4644,1857,2494,4490,1814,1363,6095
"18",6301,2338,1662,2948,7738,7864,1079,1998,2851,3675,4277,1563,8710,3152,1435,1253,1197,220957,906,42853,3550,4957,1934,15177,1203,988,1169,828,1293,1295,1290,5148,2136,1903,1326,2225,3045,22646,3036,2332,1484,2584,2727,2244,3355,7715,1479,1175,5790,1810,1028,947,1126,1720,930,1587,1849,2054,848,1332,2495,3805,1134,2107,45708,771,782,1763,4796,1170,1500,1297,1110,2248,3195,1215,5591,2264,4975,1310,1109,1215,738,843,56394,24168,1589,2138,1313,4018,559,2201,2915,1094,1916,2302,1071,1952,4011
"19",1891,4911,2708,3519,1722,1005,1427,3026,3101,1185,4457,1582,1559,1135,2849,1560,2376,906,686967,1748,2042,1079,2357,1303,2071,753,2895,2569,2910,928,5195,2140,2341,186536,6391,2684,1026,1135,1589,2520,3984,9524,1643,1576,2788,808,2814,2898,1357,1183,4341,3388,3589,1063,5710,5137,1112,2628,2207,3244,1358,895,1312,2787,2111,188225,859,1320,885,954,1213,789,1901,1048,908,4853,1563,2378,1798,2005,1723,774,2861,4034,1024,1004,6841,8915,1996,2951,2494,2088,1024,2287,2293,5867,2554,1206,1537
"20",8568,3100,2113,3152,8449,7579,1579,2502,4797,4464,6538,2172,8159,3942,1796,1401,1621,42853,1748,254772,4870,5162,2859,26711,1684,1340,1433,1533,1596,1704,1763,5165,2924,2125,1949,2336,3442,88039,3392,2491,2224,4605,3850,2557,3343,8479,2075,1480,6462,2488,1584,1589,1735,2170,1913,2213,2294,2170,1172,2704,3196,4225,1515,2361,85533,861,678,2222,5602,1190,1934,1485,1668,2501,3137,1840,8976,2455,5573,2196,1592,1665,952,1256,55872,48380,2621,4071,1589,5419,802,2388,3232,1712,2155,3181,1222,2514,3754
"21",5427,4443,2202,1685,2908,2305,5238,2606,109559,1128,2135,71649,4319,1020,1471,1236,6485,3550,2042,4870,78131,9567,9683,1396,6567,22924,4074,98839,5746,39571,2943,5167,3326,2709,3231,4318,1749,2371,4823,4795,5775,8144,6568,1455,2134,718,2339,3070,2351,37053,1928,2910,2194,17981,2161,4255,25156,1892,5837,5053,1242,672,7039,1802,15644,1122,513,10361,1688,939,5782,3907,4448,12747,1144,2783,3871,1947,15536,19900,1302,6165,2447,1538,4770,736,4376,7644,6305,6593,3103,1709,8371,1698,2358,5029,1009,1404,28781
"22",3426,3197,1476,1741,3406,2199,2600,1801,7821,984,1575,3799,4951,845,1217,1090,4161,4957,1079,5162,9567,346027,5884,1316,5048,4239,3166,3312,3857,5027,2273,4653,3121,2112,2431,3860,2273,2383,5028,4080,3335,4032,5904,1832,2243,716,2066,3565,2611,7645,1397,1987,1537,12423,1172,1972,5900,2048,2760,2820,1454,552,13311,1821,13069,802,477,11662,1643,774,4479,91316,2590,4002,1483,2082,3857,1633,152461,5755,974,132641,3261,1288,5438,986,2634,3704,5058,6552,2111,2297,109098,1182,2256,4536,928,1574,7242
"23",2767,3007,1899,1739,2250,1402,2801,2189,11312,960,2237,5505,2699,954,1495,1238,4242,1934,2357,2859,9683,5884,419770,1247,4385,3748,3890,8779,4707,5023,2959,3103,2724,1942,3388,9938,1331,1446,5115,4648,5546,7568,6958,1371,1708,702,1951,3361,1875,5913,2018,3772,2236,5680,2574,4130,7383,1457,2877,8684,1275,655,4572,1627,6540,1086,416,5179,1093,941,152021,3104,8054,9377,907,2652,2769,1791,8931,10968,1254,3338,2715,1700,2160,779,4640,7473,4324,4748,3679,1851,4782,1621,1627,4230,1030,1268,10775
"24",5346,1606,1739,3378,6874,5573,845,2019,1750,4720,7183,1107,4413,4370,1938,1687,1192,15177,1303,26711,1396,1316,1247,358948,1145,761,1305,995,1417,852,1300,2668,2224,1221,1318,1168,3376,28453,1681,1413,1650,2704,1479,2594,2295,16727,1551,1449,5367,904,1396,1436,1868,877,1657,1855,929,1234,917,1542,4053,6797,955,2159,22881,958,744,1013,5329,1471,945,887,1107,894,3165,1203,6002,1738,1674,1037,2061,824,956,1057,18192,46712,2057,2558,1059,3251,998,3047,1126,1866,1298,2287,1120,2299,1238
"25",2411,2801,2245,1937,2421,1861,26437,2447,8076,1398,2760,6175,1818,1049,1912,1558,73106,1203,2071,1684,6567,5048,4385,1145,481612,10237,13721,5072,21244,12214,2750,3374,2015,3419,3112,3746,1586,1494,3740,4406,5197,9184,4669,1499,2709,736,2508,10295,1895,8744,2932,11582,1845,8293,2855,5690,7858,2602,3352,3120,1438,769,5142,2586,3101,1985,1008,5147,1662,1182,5159,3589,4153,5213,1187,2828,1892,2075,6279,7158,1703,4880,15437,2773,1636,791,7443,8857,4061,4784,10182,2765,5981,1814,3705,5473,2021,1355,6182
"26",2054,1251,1760,1670,1918,1222,2747,1610,23399,936,2060,33680,1329,737,1076,889,5915,988,753,1340,22924,4239,3748,761,10237,509603,4655,14183,4590,125295,1443,2177,1103,1019,1306,1917,948,1176,3977,5320,5796,3379,4531,1238,1531,482,934,4784,1550,18360,1152,2537,810,12503,970,3421,10580,1011,4344,4481,884,584,4934,1503,2965,626,431,7101,1217,669,3820,2852,3542,6444,736,1085,1409,1451,6259,7515,783,3315,4950,887,1565,511,3094,3383,5075,3015,2966,1751,4522,840,1180,2909,688,1095,11670
"27",1737,3238,2581,2019,2300,1341,15033,2826,5316,1246,2953,3934,1889,1141,2388,2293,13599,1169,2895,1433,4074,3166,3890,1305,13721,4655,358850,6097,23678,4105,3715,3448,2328,3002,4195,3642,1753,1241,3933,4585,5491,9309,3173,1758,2944,828,3374,92794,2674,3769,3632,14098,3079,4191,3928,5802,4017,2879,4683,3826,2031,882,5074,2958,2344,2279,1242,4669,1262,1859,3226,3550,3417,3848,1340,3878,1966,2567,4433,4498,2194,3557,17267,4146,1215,897,7405,8537,5907,4637,66715,4523,3322,2808,3021,6301,2769,1960,5097
"28",2031,2450,2795,1347,1352,853,5145,2089,84951,970,2285,64787,1283,1063,1571,1317,7467,828,2569,1533,98839,3312,8779,995,5072,14183,6097,432552,9553,20675,3004,1698,1818,1319,2746,2111,852,1079,2508,5201,7123,8260,3920,988,1425,793,1460,2926,1258,89047,2192,3953,2429,22649,2706,6563,33910,894,6024,7114,1103,872,9622,1424,2090,1429,704,15876,852,1179,3464,5264,5026,14440,789,2263,1111,2076,8871,27110,1155,12284,3342,1303,1002,782,5306,9141,6560,1826,6459,1430,3418,1404,1183,2406,1063,1043,28216
"29",2215,3362,2662,1990,2339,1765,15196,2958,8055,1383,3149,7126,2229,1323,2650,2222,21820,1293,2910,1596,5746,3857,4707,1417,21244,4590,23678,9553,339175,4939,3409,3510,2159,2839,4071,3440,2309,1428,3677,4853,5861,10533,3378,1701,3193,844,2798,18624,2798,4718,3501,19440,3233,4903,3801,6890,4637,2633,3951,3989,2038,899,5921,3249,2658,2128,1049,5316,1414,2021,3187,4388,3174,4494,1424,3246,2151,2670,5864,6316,2087,4697,13322,2903,1684,943,8605,10218,6173,4748,50863,3799,3807,2479,2578,6224,2571,1788,6175
"30",2651,1668,1808,1574,1962,1390,3856,1740,41243,886,2107,77309,1532,768,1100,859,7762,1295,928,1704,39571,5027,5023,852,12214,125295,4105,20675,4939,481503,1782,2393,1156,1362,1585,2163,910,1355,4223,4914,5838,4737,5593,1097,1900,559,1133,3825,1484,26220,1341,2328,844,14574,1103,4341,17896,1214,4429,5187,758,611,5283,1643,3733,682,377,6711,1232,613,4807,2741,4501,9443,737,1213,1414,2152,7709,11552,757,3360,3628,964,1948,599,3843,4894,4597,3137,2544,1388,5491,830,1560,2977,758,874,15879
"31",1943,4624,1952,2718,2189,1383,1551,2488,3426,1190,2689,1739,2762,1062,2103,1506,2615,1290,5195,1763,2943,2273,2959,1300,2750,1443,3715,3004,3409,1782,619411,3130,4073,4845,33647,9316,2068,1240,3203,3812,5771,6378,3245,1959,2559,779,2914,4577,1810,1981,6408,3285,2863,1948,3313,3775,1794,3198,3461,3757,1560,746,1788,2589,3308,2966,624,1741,1200,1047,2127,1597,2560,1832,1204,35524,2674,1812,3508,2710,1666,1526,3884,6140,1404,815,4619,6643,3771,5880,2595,2915,1996,2163,3093,7020,2280,1522,2574
"32",4733,4824,20919,3771,4857,3911,3218,21059,5224,2282,3510,2154,6261,1946,15645,26305,2945,5148,2140,5165,5167,4653,3103,2668,3374,2177,3448,1698,3510,2393,3130,412411,4438,3240,2722,3094,3815,3603,4733,4268,4322,6366,4036,3547,20831,1732,4113,3435,3518,3075,3169,2898,3180,3488,4503,2975,2594,3857,2002,2651,2891,1801,2187,20419,11941,1605,15158,2588,3278,10629,2591,2181,2455,2153,2847,2989,6339,20327,5984,2329,6706,2379,2390,2608,5247,1694,4261,5368,2607,12425,1828,5954,3675,4282,3823,8808,2545,5690,4016
"33",2723,10217,1947,4674,3064,2065,1249,2933,3819,1489,3535,2354,5466,1090,2452,1410,1836,2136,2341,2924,3326,3121,2724,2224,2015,1103,2328,1818,2159,1156,4073,4438,544600,2923,2229,2211,2870,1822,2626,2526,3116,4758,2957,2738,3135,2198,4233,2906,2217,1911,3602,1964,13849,1919,3866,2732,1433,5487,1539,2195,2424,813,1494,3046,6109,1533,745,1809,1670,947,1697,1687,1652,1201,2125,2748,5760,1828,4397,2241,1875,1514,3157,2244,2439,1079,3216,4544,1814,10996,1293,4249,2408,4558,5890,5210,3946,2181,2300
"34",2379,6503,1877,3530,2786,1810,1464,2504,2771,1263,3103,1269,2758,965,2230,1347,2592,1903,186536,2125,2709,2112,1942,1221,3419,1019,3002,1319,2839,1362,4845,3240,2923,544139,5504,3007,1810,1427,2473,3088,3728,6249,2374,1993,3282,686,2667,3913,1626,1826,3743,2542,3065,1762,2665,3505,1776,4900,2021,2190,1364,680,1447,2958,4114,193367,650,1412,1418,912,1879,1137,1753,1432,1250,4313,2468,2155,2846,1555,1378,1060,4410,2793,1880,804,5059,5580,2026,5780,2159,2687,1813,2022,4167,6159,2885,1372,2112
"35",2200,4789,2107,3036,2102,1294,1664,2344,3785,1207,3966,1865,2232,1109,1897,1427,3091,1326,6391,1949,3231,2431,3388,1318,3112,1306,4195,2746,4071,1585,33647,2722,2229,5504,890846,10491,1418,1382,2763,3589,6121,8383,3046,1801,2406,670,2865,4476,1710,2054,3885,3581,3130,2045,3607,4637,1882,3005,5180,3510,1458,691,2156,2113,3366,3369,403,2306,1184,999,2228,1637,2552,1735,1071,15578,2353,1936,3549,2544,1513,1502,3908,3749,1463,852,5732,8041,4511,4915,3217,2643,2194,1902,2833,5417,2023,1438,2525
"36",2105,2950,1811,2184,2238,1381,1622,1811,4320,1050,2654,2002,2770,927,1650,1238,2995,2225,2684,2336,4318,3860,9938,1168,3746,1917,3642,2111,3440,2163,9316,3094,2211,3007,10491,973970,1760,1316,6107,5148,6839,5889,5786,1923,2141,587,2061,4890,1975,2645,2344,3195,2131,2637,2633,3232,2773,2110,5671,5151,1485,722,2207,2168,4550,1632,735,2430,1256,940,10239,1938,4859,2925,1136,5037,2709,1708,4833,3298,1301,1743,3528,2712,1994,727,4375,6122,5833,4900,2207,2810,3105,1608,1908,5124,1340,1438,4164
"37",3405,1855,1827,7331,4650,4676,1162,2091,1650,3590,9003,977,5768,3268,2454,2024,1461,3045,1026,3442,1749,2273,1331,3376,1586,948,1753,852,2309,910,2068,3815,2870,1810,1418,1760,657152,3532,2501,2320,1935,2283,1975,4570,3528,2561,1812,2037,8888,1211,1751,1549,1637,1682,1352,1814,1126,1849,1316,1020,5116,2765,1385,3406,5147,930,1217,1281,4038,2159,1366,1283,1150,927,4112,1730,6343,1835,2707,885,2216,1414,1370,1524,4171,2455,2152,2078,1595,7394,1309,5340,1772,2656,1846,3255,1279,4538,1574
"38",6305,1978,1839,3393,7433,6536,1178,2092,2407,4406,6378,1511,5248,3594,1808,1281,1397,22646,1135,88039,2371,2383,1446,28453,1494,1176,1241,1079,1428,1355,1240,3603,1822,1427,1382,1316,3532,386187,2371,1767,1634,2934,2353,2480,2787,7976,1566,1393,5774,1662,1220,1227,1246,1642,1446,1797,1594,1736,842,1803,3254,4392,1097,2269,67656,776,604,1220,5407,1141,1376,1047,1294,1314,2892,1191,6282,2084,2676,1394,1463,1261,975,980,45699,35873,2150,2543,1103,4221,804,2516,1933,1449,1977,2610,1228,1984,2038
"39",2955,2566,2714,2027,3731,2576,2844,2961,4660,1338,2325,3529,3942,1205,2051,2309,3378,3036,1589,3392,4823,5028,5115,1681,3740,3977,3933,2508,3677,4223,3203,4733,2626,2473,2763,6107,2501,2371,266763,7858,6989,5927,45599,2170,3455,962,2406,3856,4633,3914,2023,3528,1441,4091,2292,3731,4162,2384,2668,40210,2299,944,2831,2875,6528,1195,657,2946,1858,1655,5443,2373,12028,3700,1867,2589,2767,2775,6025,3483,2037,2723,2542,2119,3555,987,4402,5485,3511,6043,1810,4951,4268,1774,2174,5547,1303,2155,5301
"40",2070,2698,2211,2065,2651,1719,2712,2851,6563,1258,2244,3952,2978,1124,2241,1738,4001,2332,2520,2491,4795,4080,4648,1413,4406,5320,4585,5201,4853,4914,3812,4268,2526,3088,3589,5148,2320,1767,7858,509825,40938,10942,6312,1795,3339,842,2605,4321,2525,4803,2783,4955,2404,5194,3700,6125,4107,2515,4341,9591,2063,933,3972,2943,4269,1674,649,4784,1577,1345,4250,2913,5801,4487,1531,3580,2633,2294,5359,7463,1906,2906,3047,2881,2139,1009,8023,9888,6374,5427,3129,3668,3871,2128,2368,7591,1792,1697,5130
"41",2302,3431,3021,2211,2484,1591,3645,3711,8197,1308,2643,4999,2489,1256,2563,1935,5172,1484,3984,2224,5775,3335,5546,1650,5197,5796,5491,7123,5861,5838,5771,4322,3116,3728,6121,6839,1935,1634,6989,40938,436179,17220,6146,1571,3284,1006,3147,4821,2224,5354,3943,7307,3616,6060,5316,9171,4075,2600,10581,10792,1894,948,4962,3058,3748,2136,722,5664,1424,1382,3953,2382,6344,4200,1278,5852,2442,2490,5694,7781,2066,2705,3438,3830,1658,1054,11488,15728,11371,5996,3534,3294,3526,2544,2627,9458,2034,1606,5856
"42",4781,8503,5488,2967,3355,2152,7454,7271,11485,1980,4632,5791,4334,1988,4537,2747,11033,2584,9524,4605,8144,4032,7568,2704,9184,3379,9309,8260,10533,4737,6378,6366,4758,6249,8383,5889,2283,2934,5927,10942,17220,362011,6716,1988,5619,1273,7819,8025,3064,5172,7293,14617,7340,5048,17412,115009,4177,3749,5934,13142,2755,1251,4515,5069,7209,3652,748,4555,1920,1823,4028,2067,6573,4210,1638,9359,3806,5296,7761,8829,3657,2322,4444,7200,2879,1796,164048,256190,6443,8566,5913,4002,4150,5125,4207,19865,4066,2140,6060
"43",3301,2891,2748,1701,2925,1968,3080,2870,6448,1204,2134,4129,3666,1161,1704,1643,4019,2727,1643,3850,6568,5904,6958,1479,4669,4531,3173,3920,3378,5593,3245,4036,2957,2374,3046,5786,1975,2353,45599,6312,6146,6716,341758,1677,2753,869,2297,3024,2804,5675,2094,2867,1488,4942,2114,4032,5038,1949,2212,95587,1615,854,3121,2244,7187,960,624,3474,1688,1121,6221,2432,30813,4095,1484,2588,2968,2639,7422,5434,1370,2828,2215,1810,3623,876,4405,6710,3040,5443,1613,2460,4885,1611,2285,4871,1128,1719,5940
"44",3195,2435,1695,28583,5427,3266,973,2069,1627,3535,5138,965,3984,3317,2308,2886,1342,2244,1576,2557,1455,1832,1371,2594,1499,1238,1758,988,1701,1097,1959,3547,2738,1993,1801,1923,4570,2480,2170,1795,1571,1988,1677,711338,2505,2233,1984,1861,3577,1306,1793,1513,2556,1387,1654,1469,1196,2367,1696,1301,3843,2854,1471,2624,3656,1442,1680,1394,3222,5422,1448,1394,1270,994,3434,1824,4541,1474,1938,1024,2517,1284,1413,1498,2341,1985,1813,1914,1859,6386,1268,6254,1457,2528,2792,2750,2287,7769,1278
"45",2941,3718,9507,3368,3364,3646,1829,85368,2438,2463,3237,1778,3777,2137,35475,7630,2761,3355,2788,3343,2134,2243,1708,2295,2709,1531,2944,1425,3193,1900,2559,20831,3135,3282,2406,2141,3528,2787,3455,3339,3284,5619,2753,2505,338657,1492,6149,2772,2687,1739,2872,2784,3652,1906,7103,3784,2116,3790,1662,2667,2535,1675,1631,124004,3847,1903,3356,1527,2994,4977,1870,1476,2027,2834,2580,2453,2725,12065,2416,1753,13023,1308,1990,2198,2571,1732,4614,4601,1889,5962,2012,5297,1976,5625,3208,5927,3245,3765,2610
"46",4921,1118,1386,3027,5147,4756,574,1678,845,5352,6195,966,2294,5082,1588,1630,706,7715,808,8479,718,716,702,16727,736,482,828,793,844,559,779,1732,2198,686,670,587,2561,7976,962,842,1006,1273,869,2233,1492,699587,786,802,2482,530,988,881,1890,488,1214,1297,556,779,542,925,2602,23381,524,1696,6592,673,2188,565,6642,1941,536,534,630,660,2081,790,3047,1263,791,595,1715,473,706,746,5591,15298,1107,1318,700,2490,806,2356,518,1323,1070,1612,838,2225,680
"47",2306,7332,3397,3463,2472,1720,1376,5505,2523,1287,3427,1164,2679,1247,4227,2143,2208,1479,2814,2075,2339,2066,1951,1551,2508,934,3374,1460,2798,1133,2914,4113,4233,2667,2865,2061,1812,1566,2406,2605,3147,7819,2297,1984,6149,786,787330,3991,1953,1704,4949,3099,4901,1730,9215,4192,1426,5689,1333,2531,2043,874,1294,5975,3389,1734,495,1480,1506,1110,1492,951,1891,1155,1454,4021,2554,3219,2667,1703,3215,1009,2939,3987,1704,956,6104,7167,1580,8120,1865,3970,1858,25382,4894,8273,4413,1751,1751
"48",2143,3216,1778,2205,2512,1746,6010,2249,3788,1460,2891,2807,2190,1093,2108,1687,9417,1175,2898,1480,3070,3565,3361,1449,10295,4784,92794,2926,18624,3825,4577,3435,2906,3913,4476,4890,2037,1393,3856,4321,4821,8025,3024,1861,2772,802,3991,673693,2588,3171,4413,11384,2940,3762,3386,5206,3486,3679,5179,2456,2046,837,4355,2808,2629,3306,640,4179,1696,1362,4057,4028,3793,2899,1698,4688,2700,1810,3923,2968,2070,3945,13517,4103,1373,1017,7116,7463,5926,5412,24835,4447,3847,3066,3336,6713,3371,2041,3527
"49",4957,2017,1903,4288,9206,5924,1316,2002,2505,4057,18082,1729,10882,3577,2442,3705,1962,5790,1357,6462,2351,2611,1875,5367,1895,1550,2674,1258,2798,1484,1810,3518,2217,1626,1710,1975,8888,5774,4633,2525,2224,3064,2804,3577,2687,2482,1953,2588,762514,1584,1622,3890,1564,1726,2012,2112,1814,1848,1385,2346,13781,2585,1526,2729,10538,1300,932,1723,4969,4530,1753,1634,2108,1392,7730,1899,9294,1999,3123,1476,2360,1692,1526,1593,8484,4428,2517,2767,1717,5472,1766,9014,2308,2693,2444,2889,1575,3085,2207
"50",3103,2496,1429,1465,2155,1539,3557,1590,28256,1013,1774,25075,2239,850,1058,894,6036,1810,1183,2488,37053,7645,5913,904,8744,18360,3769,89047,4718,26220,1981,3075,1911,1826,2054,2645,1211,1662,3914,4803,5354,5172,5675,1306,1739,530,1704,3171,1584,588029,1196,2318,1169,71658,1281,3975,29155,1505,4790,4508,914,681,8232,1464,6227,1257,404,16208,1372,681,5268,3917,4005,8141,826,1557,2196,1647,10160,14766,912,5362,2995,950,2895,625,3958,5685,5844,4271,2594,1526,7819,962,1986,3339,853,1004,17857
"51",1910,10237,2743,3202,1875,1228,1994,3521,2702,1278,3205,1577,2015,1280,2871,1816,3089,1028,4341,1584,1928,1397,2018,1396,2932,1152,3632,2192,3501,1341,6408,3169,3602,3743,3885,2344,1751,1220,2023,2783,3943,7293,2094,1793,2872,988,4949,4413,1622,1196,781370,3546,6035,1294,6052,4758,1069,5784,1791,2914,1545,994,1290,3710,2390,2405,1173,1316,1137,1264,1309,1006,2141,1203,1095,10939,2194,2249,2312,1994,2208,1026,3844,10375,1113,1019,5546,7781,1877,5166,2753,3036,1280,3003,4479,9070,5925,1590,1760
"52",1639,2744,2666,1848,3908,1217,8191,3019,4278,1431,2570,2580,1891,1343,2676,2267,11558,947,3388,1589,2910,1987,3772,1436,11582,2537,14098,3953,19440,2328,3285,2898,1964,2542,3581,3195,1549,1227,3528,4955,7307,14617,2867,1513,2784,881,3099,11384,3890,2318,3546,745123,3056,2634,5912,8211,2205,1787,2932,4649,2308,1056,3104,2903,1908,2061,729,3021,1720,1846,2515,2342,3366,2474,1781,3810,1883,2369,2987,3910,2331,2019,6711,3647,1063,1130,11175,13980,3772,4038,12642,3936,2120,2881,3080,6633,2149,1490,3214
"53",1890,15904,3194,6466,2003,1170,1493,4690,2787,1243,4831,1271,2254,1206,3972,2337,2196,1126,3589,1735,2194,1537,2236,1868,1845,810,3079,2429,3233,844,2863,3180,13849,3065,3130,2131,1637,1246,1441,2404,3616,7340,1488,2556,3652,1890,4901,2940,1564,1169,6035,3056,1301336,1328,10468,3988,1008,9232,2304,1967,1619,986,1684,3966,2875,2079,1053,1798,1064,1282,1140,1223,1380,907,1072,4531,2995,2869,2623,1706,1935,1078,2563,2678,1241,1223,5491,7641,2647,6586,2826,3010,1327,3599,19659,6096,7819,1704,1590
"54",2846,2454,1466,1629,2492,1669,3372,1841,16298,939,1626,12671,2362,739,1205,944,5380,1720,1063,2170,17981,12423,5680,877,8293,12503,4191,22649,4903,14574,1948,3488,1919,1762,2045,2637,1682,1642,4091,5194,6060,5048,4942,1387,1906,488,1730,3762,1726,71658,1294,2634,1328,697312,1385,3527,12992,1749,2837,3764,939,541,46705,1678,6609,817,389,168838,1429,684,4947,7980,3369,5611,966,1877,2168,1416,16855,10370,848,8524,3986,1137,2780,561,3897,4892,4203,5936,2962,1760,13186,1053,2066,3971,927,1014,12156
"55",2194,7431,5350,2514,2134,1037,2282,9929,3223,1511,4295,1617,1947,1655,7794,2699,2974,930,5710,1913,2161,1172,2574,1657,2855,970,3928,2706,3801,1103,3313,4503,3866,2665,3607,2633,1352,1446,2292,3700,5316,17412,2114,1654,7103,1214,9215,3386,2012,1281,6052,5912,10468,1385,1783101,8644,1105,2725,2334,4323,2149,1249,1427,9095,1926,2242,1064,1557,1106,1590,1368,833,2346,1118,1056,5989,1902,4283,2222,2429,4426,943,2098,5487,1014,1360,12056,15787,2838,4324,2774,3794,1130,5362,3585,55494,3741,2035,1737
"56",2425,4329,3640,2004,1997,1878,5259,4069,6699,1582,2861,5315,2047,1596,3123,2003,7512,1587,5137,2213,4255,1972,4130,1855,5690,3421,5802,6563,6890,4341,3775,2975,2732,3505,4637,3232,1814,1797,3731,6125,9171,115009,4032,1469,3784,1297,4192,5206,2112,3975,4758,8211,3988,3527,8644,342446,3389,2587,4632,7207,1840,1282,3196,3681,2338,2496,1226,3634,1349,1504,2569,1779,4036,3741,1285,4250,1910,4434,3608,6323,2438,2020,3707,4415,1440,1455,67280,131494,4191,3432,4976,2907,2145,2781,2727,9240,2977,1494,3780
"57",2937,2163,1412,1594,2150,1803,4544,1522,22554,1010,2080,20665,2106,824,1095,882,6052,1849,1112,2294,25156,5900,7383,929,7858,10580,4017,33910,4637,17896,1794,2594,1433,1776,1882,2773,1126,1594,4162,4107,4075,4177,5038,1196,2116,556,1426,3486,1814,29155,1069,2205,1008,12992,1105,3389,444774,1626,2381,3647,905,526,5039,1721,4976,906,463,6739,1356,707,6866,3173,3524,31757,926,1457,1736,1815,8427,62613,758,4862,3619,1001,2545,609,3004,3984,3234,3462,2609,1430,5854,898,1659,3323,914,954,89505
"58",2249,83147,1828,4274,2655,2142,1393,2498,1982,1417,3128,1210,2874,1163,2084,1504,2140,2054,2628,2170,1892,2048,1457,1234,2602,1011,2879,894,2633,1214,3198,3857,5487,4900,3005,2110,1849,1736,2384,2515,2600,3749,1949,2367,3790,779,5689,3679,1848,1505,5784,1787,9232,1749,2725,2587,1626,406806,1264,1219,1398,885,1324,3375,3995,2379,1066,1316,1614,1111,1638,1094,1261,1806,1468,3449,2489,2597,2529,1236,1532,1214,4015,2476,2189,970,3052,3184,1548,7325,1656,3336,1842,2848,43813,5931,121520,1596,1946
"59",1422,2028,1349,2108,1737,1018,1353,1597,7253,823,2945,4906,1508,781,1589,1126,2619,848,2207,1172,5837,2760,2877,917,3352,4344,4683,6024,3951,4429,3461,2002,1539,2021,5180,5671,1316,842,2668,4341,10581,5934,2212,1696,1662,542,1333,5179,1385,4790,1791,2932,2304,2837,2334,4632,2381,1264,1445581,2546,1264,550,2775,1697,2004,1496,385,2857,848,835,2251,2258,2415,1664,917,2724,1881,1260,4208,2677,1067,2032,4288,1970,877,631,4616,7264,77667,3665,3712,2395,2606,1509,1285,3653,1014,1237,3234
"60",2864,2702,3942,1553,1968,1044,2814,3940,8225,1347,2790,5172,1831,1414,2434,2027,4311,1332,3244,2704,5053,2820,8684,1542,3120,4481,3826,7114,3989,5187,3757,2651,2195,2190,3510,5151,1020,1803,40210,9591,10792,13142,95587,1301,2667,925,2531,2456,2346,4508,2914,4649,1967,3764,4323,7207,3647,1219,2546,521226,1653,1049,3104,2500,2724,1275,675,3539,1130,1363,4676,1793,45114,4298,958,2950,1501,3770,5045,7649,2013,1889,1869,2272,1634,1099,8348,12335,2870,2437,2416,2462,2659,2020,1475,4655,1442,1363,4829
"61",2825,1625,1668,5037,4357,3073,939,1975,1633,3279,5495,999,99616,3081,2327,2675,1473,2495,1358,3196,1242,1454,1275,4053,1438,884,2031,1103,2038,758,1560,2891,2424,1364,1458,1485,5116,3254,2299,2063,1894,2755,1615,3843,2535,2602,2043,2046,13781,914,1545,2308,1619,939,2149,1840,905,1398,1264,1653,559986,2760,1113,2715,3794,1134,907,1150,3132,3907,1106,1212,1363,847,47613,1466,17086,1681,1577,1011,2457,1051,1384,1402,2708,3233,2325,2666,1350,3834,1713,7233,1178,2302,1595,2762,1421,2890,1176
"62",10311,1148,1742,3639,5977,6315,596,1762,895,8417,8070,762,1937,9935,1891,1912,709,3805,895,4225,672,552,655,6797,769,584,882,872,899,611,746,1801,813,680,691,722,2765,4392,944,933,948,1251,854,2854,1675,23381,874,837,2585,681,994,1056,986,541,1249,1282,526,885,550,1049,2760,775970,521,1810,3538,621,2379,577,19014,2372,576,500,638,575,2092,792,2541,1518,690,573,2469,482,763,701,3302,7167,1288,1288,642,2473,828,3173,439,1401,1137,1796,978,2620,692
"63",1651,1773,1220,1597,2040,1117,2230,1342,8629,883,1620,5843,1693,779,1231,1184,4312,1134,1312,1515,7039,13311,4572,955,5142,4934,5074,9622,5921,5283,1788,2187,1494,1447,2156,2207,1385,1097,2831,3972,4962,4515,3121,1471,1631,524,1294,4355,1526,8232,1290,3104,1684,46705,1427,3196,5039,1324,2775,3104,1113,521,898413,1495,2842,837,433,139202,1035,954,3363,17502,2479,3742,893,1487,1836,1311,18560,5278,931,10586,4277,1193,1318,619,3376,4787,4538,3678,5521,1962,14401,1094,1366,2917,966,1103,5786
"64",2705,3465,9824,3372,3212,3216,1927,75352,2201,2423,3348,1521,3186,2192,66304,8632,2657,2107,2787,2361,1802,1821,1627,2159,2586,1503,2958,1424,3249,1643,2589,20419,3046,2958,2113,2168,3406,2269,2875,2943,3058,5069,2244,2624,124004,1696,5975,2808,2729,1464,3710,2903,3966,1678,9095,3681,1721,3375,1697,2500,2715,1810,1495,416259,2815,1966,4446,1410,2729,5848,1680,1392,1947,1821,2463,2416,2727,11906,2209,1521,13940,1251,2142,2150,1857,1755,4471,4468,2043,6079,2199,5788,1670,6175,3026,5729,3225,4201,1935
"65",15125,7007,2940,4187,14425,12457,3357,4016,12631,5300,5944,4023,17283,3959,2009,1790,2914,45708,2111,85533,15644,13069,6540,22881,3101,2965,2344,2090,2658,3733,3308,11941,6109,4114,3366,4550,5147,67656,6528,4269,3748,7209,7187,3656,3847,6592,3389,2629,10538,6227,2390,1908,2875,6609,1926,2338,4976,3995,2004,2724,3794,3538,2842,2815,420564,1250,661,4894,8072,1320,3925,2799,2686,3129,4238,3810,16871,2874,17171,3886,1868,4078,1400,1967,146008,15773,3220,5710,2962,15106,902,3013,8567,2518,3854,6631,1621,3428,9520
"66",1232,3110,1278,2740,3066,1074,854,1492,1481,989,2678,1257,1209,837,1573,1002,1752,771,188225,861,1122,802,1086,958,1985,626,2279,1429,2128,682,2966,1605,1533,193367,3369,1632,930,776,1195,1674,2136,3652,960,1442,1903,673,1734,3306,1300,1257,2405,2061,2079,817,2242,2496,906,2379,1496,1275,1134,621,837,1966,1250,706664,502,803,923,706,915,856,1044,707,886,2423,1255,1492,1088,839,1089,676,3981,2052,727,706,3198,3482,1276,2389,1839,1954,776,1393,1874,3635,1844,959,908
"67",993,1314,10549,1467,1183,790,1035,5546,702,1216,1417,541,680,1192,4228,20466,752,782,859,678,513,477,416,744,1008,431,1242,704,1049,377,624,15158,745,650,403,735,1217,604,657,649,722,748,624,1680,3356,2188,495,640,932,404,1173,729,1053,389,1064,1226,463,1066,385,675,907,2379,433,4446,661,502,1131174,437,958,4773,346,555,413,456,652,526,654,6679,610,436,2056,486,1060,546,672,1055,1050,839,492,2259,1256,1854,363,942,1425,1420,1374,2261,623
"68",2041,2055,1292,1547,2172,1348,2256,1408,11683,930,1650,8361,2079,818,1250,1146,3951,1763,1320,2222,10361,11662,5179,1013,5147,7101,4669,15876,5316,6711,1741,2588,1809,1412,2306,2430,1281,1220,2946,4784,5664,4555,3474,1394,1527,565,1480,4179,1723,16208,1316,3021,1798,168838,1557,3634,6739,1316,2857,3539,1150,577,139202,1410,4894,803,437,951817,1085,934,3417,11192,2858,4344,921,1609,1949,1263,15724,6783,931,8976,4569,1131,2023,650,3531,5329,4259,3578,4865,1996,11955,1181,1337,3171,888,1142,7203
"69",22110,1697,1399,4721,10191,11068,1023,1803,1695,9264,7566,1064,3832,8589,1929,1711,1306,4796,885,5602,1688,1643,1093,5329,1662,1217,1262,852,1414,1232,1200,3278,1670,1418,1184,1256,4038,5407,1858,1577,1424,1920,1688,3222,2994,6642,1506,1696,4969,1372,1137,1720,1064,1429,1106,1349,1356,1614,848,1130,3132,19014,1035,2729,8072,923,958,1085,629774,1875,1298,1012,1061,1040,3272,1156,4980,1433,1864,983,1666,1146,1160,1032,5265,4260,1681,1584,990,4112,952,3875,1478,1550,2090,3219,1427,2921,1412
"70",2123,1563,3643,5435,2837,1672,1329,5921,1320,2419,3790,963,1430,3053,6227,10938,1307,1170,954,1190,939,774,941,1471,1182,669,1859,1179,2021,613,1047,10629,947,912,999,940,2159,1141,1655,1345,1382,1823,1121,5422,4977,1941,1110,1362,4530,681,1264,1846,1282,684,1590,1504,707,1111,835,1363,3907,2372,954,5848,1320,706,4773,934,1875,882834,641,789,971,683,1384,991,1316,2978,1031,938,4339,650,1038,1012,998,1551,1729,1792,829,7275,1790,7912,729,2114,1380,1703,1300,20476,1011
"71",2058,1868,1266,1766,2302,1483,1787,1425,6245,942,1739,3603,2090,755,1106,943,3455,1500,1213,1934,5782,4479,152021,945,5159,3820,3226,3464,3187,4807,2127,2591,1697,1879,2228,10239,1366,1376,5443,4250,3953,4028,6221,1448,1870,536,1492,4057,1753,5268,1309,2515,1140,4947,1368,2569,6866,1638,2251,4676,1106,576,3363,1680,3925,915,346,3417,1298,641,636035,2378,6686,7905,1013,1786,2191,1529,5559,6748,916,2640,3449,1289,1915,592,3199,3810,3435,4244,2224,2143,4227,1079,1606,3560,986,1164,7879
"72",1397,1242,930,1425,1989,1143,1579,1068,3989,809,1332,2940,1749,735,1083,920,2974,1297,789,1485,3907,91316,3104,887,3589,2852,3550,5264,4388,2741,1597,2181,1687,1137,1637,1938,1283,1047,2373,2913,2382,2067,2432,1394,1476,534,951,4028,1634,3917,1006,2342,1223,7980,833,1779,3173,1094,2258,1793,1212,500,17502,1392,2799,856,555,11192,1012,789,2378,878714,1690,2710,1022,1229,1881,1006,52140,3769,785,41595,3895,973,1354,559,1900,1987,3710,2981,4246,1926,70427,806,1188,2464,797,1121,3582
"73",1878,1876,1982,1487,1966,1140,1811,2138,6303,973,2038,4324,1714,915,1632,1291,3366,1110,1901,1668,4448,2590,8054,1107,4153,3542,3417,5026,3174,4501,2560,2455,1652,1753,2552,4859,1150,1294,12028,5801,6344,6573,30813,1270,2027,630,1891,3793,2108,4005,2141,3366,1380,3369,2346,4036,3524,1261,2415,45114,1363,638,2479,1947,2686,1044,413,2858,1061,971,6686,1690,598423,3616,951,2122,1762,2091,3819,5738,1395,1691,2885,1732,1425,712,4397,6414,2966,3522,2256,2280,2663,1447,1383,3898,1100,1181,4452
"74",1737,1647,1573,1373,1628,1336,2638,1571,17616,884,1659,12217,1929,833,1138,936,4301,2248,1048,2501,12747,4002,9377,894,5213,6444,3848,14440,4494,9443,1832,2153,1201,1432,1735,2925,927,1314,3700,4487,4200,4210,4095,994,2834,660,1155,2899,1392,8141,1203,2474,907,5611,1118,3741,31757,1806,1664,4298,847,575,3742,1821,3129,707,456,4344,1040,683,7905,2710,3616,467953,987,1234,1209,2363,5311,64365,763,3373,3215,941,1812,762,3385,4122,2373,2012,3275,1384,3541,838,1458,2205,924,829,51214
"75",2676,1323,1220,4755,4394,3336,735,1512,1342,2944,3938,928,111867,2364,1644,1568,1108,3195,908,3137,1144,1483,907,3165,1187,736,1340,789,1424,737,1204,2847,2125,1250,1071,1136,4112,2892,1867,1531,1278,1638,1484,3434,2580,2081,1454,1698,7730,826,1095,1781,1072,966,1056,1285,926,1468,917,958,47613,2092,893,2463,4238,886,652,921,3272,1384,1013,1022,951,987,624152,1023,12635,1406,1532,774,1754,931,1264,982,3075,2354,1523,1477,1082,3389,1079,3324,1192,1454,1580,2205,1104,2389,1252
"76",2017,6078,2149,2304,2027,1265,1621,2550,3275,1036,2745,1388,2453,981,1939,1404,2608,1215,4853,1840,2783,2082,2652,1203,2828,1085,3878,2263,3246,1213,35524,2989,2748,4313,15578,5037,1730,1191,2589,3580,5852,9359,2588,1824,2453,790,4021,4688,1899,1557,10939,3810,4531,1877,5989,4250,1457,3449,2724,2950,1466,792,1487,2416,3810,2423,526,1609,1156,991,1786,1229,2122,1234,1023,1450668,2669,1899,3369,2136,1710,1413,3851,15331,1397,781,6436,8843,2989,6339,2269,2791,1962,2400,3280,9460,2386,1519,2244
"77",5675,3291,1821,5220,6228,4839,1450,2490,4362,3402,5455,1568,22088,2861,2099,1753,1723,5591,1563,8976,3871,3857,2769,6002,1892,1409,1966,1111,2151,1414,2674,6339,5760,2468,2353,2709,6343,6282,2767,2633,2442,3806,2968,4541,2725,3047,2554,2700,9294,2196,2194,1883,2995,2168,1902,1910,1736,2489,1881,1501,17086,2541,1836,2727,16871,1255,654,1949,4980,1316,2191,1881,1762,1209,12635,2669,494085,1650,4702,1694,2404,2086,1541,2023,7338,3192,2546,3594,2324,9591,1193,4307,3033,2922,2283,4753,1500,4248,2442
"78",2233,2839,99744,1912,2241,2230,2513,10988,2509,1648,2493,2062,2267,1587,8593,10132,2701,2264,2378,2455,1947,1633,1791,1738,2075,1451,2567,2076,2670,2152,1812,20327,1828,2155,1936,1708,1835,2084,2775,2294,2490,5296,2639,1474,12065,1263,3219,1810,1999,1647,2249,2369,2869,1416,4283,4434,1815,2597,1260,3770,1681,1518,1311,11906,2874,1492,6679,1263,1433,2978,1529,1006,2091,2363,1406,1899,1650,476115,2126,2088,4439,1018,1551,1695,1909,1433,4083,4738,1391,3504,1613,3016,1422,2865,2046,3885,2205,2168,2157
"79",4819,4838,2422,2044,4283,2895,4829,2892,13666,1202,2074,6164,5784,1099,1654,1409,6262,4975,1798,5573,15536,152461,8931,1674,6279,6259,4433,8871,5864,7709,3508,5984,4397,2846,3549,4833,2707,2676,6025,5359,5694,7761,7422,1938,2416,791,2667,3923,3123,10160,2312,2987,2623,16855,2222,3608,8427,2529,4208,5045,1577,690,18560,2209,17171,1088,610,15724,1864,1031,5559,52140,3819,5311,1532,3369,4702,2126,599546,7359,1365,132593,3413,1785,5743,840,4370,6978,6616,9744,2911,2376,235768,1894,2770,6671,1209,1786,11593
